0 0.000388929
1 0.000388929
2 0.000388929
3 0.000388935
4 0.000389089
5 0.000389511
6 0.000390366
7 0.000391803
8 0.000393923
9 0.000396772
10 0.000400354
11 0.000404644
12 0.000409604
13 0.000415188
14 0.000421347
15 0.000428039
16 0.0004351
17 0.000442376
18 0.000450022
19 0.000457384
20 0.000464356
21 0.000471616
22 0.000479159
23 0.000486982
24 0.000495081
25 0.000503453
26 0.000512095
27 0.000521007
28 0.000530189
29 0.000539639
30 0.000549358
31 0.000559267
32 0.000569206
33 0.000579404
34 0.000589864
35 0.000600589
36 0.000611583
37 0.00062285
38 0.000634394
39 0.000646218
40 0.000658327
41 0.000670725
42 0.000683416
43 0.000696406
44 0.000709698
45 0.000723298
46 0.000737211
47 0.000751441
48 0.000765994
49 0.000780876
50 0.00079609
51 0.000811644
52 0.000827542
53 0.00084379
54 0.000860394
55 0.00087736
56 0.000894694
57 0.000912401
58 0.000930489
59 0.000948962
60 0.000967829
61 0.000987094
62 0.00100676
63 0.00102685
64 0.00104735
65 0.00106828
66 0.00108964
67 0.00111143
68 0.00113287
69 0.0011545
70 0.00117656
71 0.00119906
72 0.001222
73 0.0012454
74 0.00126926
75 0.00129358
76 0.00131838
77 0.00134366
78 0.00136942
79 0.00139567
80 0.00142243
81 0.00144969
82 0.00147747
83 0.00150576
84 0.00153459
85 0.00156395
86 0.00159385
87 0.0016243
88 0.00165531
89 0.00168689
90 0.00171903
91 0.00175175
92 0.00178505
93 0.00181895
94 0.00185345
95 0.00188855
96 0.00192426
97 0.00196059
98 0.00199755
99 0.00203514
