0 1 0 0.5 0.1125 273 9 11 7
-0.125 -0.125 0 0
-0.125 -0.0625 0 0
-0.125 0 0 1
-0.125 0.0625 0 1
-0.125 0.125 0 2
-0.125 0.1875 0 2
-0.125 0.25 0 3
-0.125 0.3125 0 3
-0.125 0.375 0 4
-0.125 0.4375 0 4
-0.125 0.5 0 5
-0.125 0.5625 0 5
-0.125 0.625 0 5
-0.0625 -0.125 0 0
-0.0625 -0.0625 0 0
-0.0625 0 0 1
-0.0625 0.0625 0 1
-0.0625 0.125 0 2
-0.0625 0.1875 0 2
-0.0625 0.25 0 3
-0.0625 0.3125 0 3
-0.0625 0.375 0 4
-0.0625 0.4375 0 4
-0.0625 0.5 0 5
-0.0625 0.5625 0 5
-0.0625 0.625 0 5
0 -0.125 1 0
0 -0.0625 1 0
0 0 1 1
0 0.0625 1 1
0 0.125 1 2
0 0.1875 1 2
0 0.25 1 3
0 0.3125 1 3
0 0.375 1 4
0 0.4375 1 4
0 0.5 1 5
0 0.5625 1 5
0 0.625 1 5
0.0625 -0.125 1 0
0.0625 -0.0625 1 0
0.0625 0 1 1
0.0625 0.0625 1 1
0.0625 0.125 1 2
0.0625 0.1875 1 2
0.0625 0.25 1 3
0.0625 0.3125 1 3
0.0625 0.375 1 4
0.0625 0.4375 1 4
0.0625 0.5 1 5
0.0625 0.5625 1 5
0.0625 0.625 1 5
0.125 -0.125 2 0
0.125 -0.0625 2 0
0.125 0 2 1
0.125 0.0625 2 1
0.125 0.125 2 2
0.125 0.1875 2 2
0.125 0.25 2 3
0.125 0.3125 2 3
0.125 0.375 2 4
0.125 0.4375 2 4
0.125 0.5 2 5
0.125 0.5625 2 5
0.125 0.625 2 5
0.1875 -0.125 2 0
0.1875 -0.0625 2 0
0.1875 0 2 1
0.1875 0.0625 2 1
0.1875 0.125 2 2
0.1875 0.1875 2 2
0.1875 0.25 2 3
0.1875 0.3125 2 3
0.1875 0.375 2 4
0.1875 0.4375 2 4
0.1875 0.5 2 5
0.1875 0.5625 2 5
0.1875 0.625 2 5
0.25 -0.125 3 0
0.25 -0.0625 3 0
0.25 0 3 1
0.25 0.0625 3 1
0.25 0.125 3 2
0.25 0.1875 3 2
0.25 0.25 3 3
0.25 0.3125 3 3
0.25 0.375 3 4
0.25 0.4375 3 4
0.25 0.5 3 5
0.25 0.5625 3 5
0.25 0.625 3 5
0.3125 -0.125 3 0
0.3125 -0.0625 3 0
0.3125 0 3 1
0.3125 0.0625 3 1
0.3125 0.125 3 2
0.3125 0.1875 3 2
0.3125 0.25 3 3
0.3125 0.3125 3 3
0.3125 0.375 3 4
0.3125 0.4375 3 4
0.3125 0.5 3 5
0.3125 0.5625 3 5
0.3125 0.625 3 5
0.375 -0.125 4 0
0.375 -0.0625 4 0
0.375 0 4 1
0.375 0.0625 4 1
0.375 0.125 4 2
0.375 0.1875 4 2
0.375 0.25 4 3
0.375 0.3125 4 3
0.375 0.375 4 4
0.375 0.4375 4 4
0.375 0.5 4 5
0.375 0.5625 4 5
0.375 0.625 4 5
0.4375 -0.125 4 0
0.4375 -0.0625 4 0
0.4375 0 4 1
0.4375 0.0625 4 1
0.4375 0.125 4 2
0.4375 0.1875 4 2
0.4375 0.25 4 3
0.4375 0.3125 4 3
0.4375 0.375 4 4
0.4375 0.4375 4 4
0.4375 0.5 4 5
0.4375 0.5625 4 5
0.4375 0.625 4 5
0.5 -0.125 5 0
0.5 -0.0625 5 0
0.5 0 5 1
0.5 0.0625 5 1
0.5 0.125 5 2
0.5 0.1875 5 2
0.5 0.25 5 3
0.5 0.3125 5 3
0.5 0.375 5 4
0.5 0.4375 5 4
0.5 0.5 5 5
0.5 0.5625 5 5
0.5 0.625 5 5
0.5625 -0.125 5 0
0.5625 -0.0625 5 0
0.5625 0 5 1
0.5625 0.0625 5 1
0.5625 0.125 5 2
0.5625 0.1875 5 2
0.5625 0.25 5 3
0.5625 0.3125 5 3
0.5625 0.375 5 4
0.5625 0.4375 5 4
0.5625 0.5 5 5
0.5625 0.5625 5 5
0.5625 0.625 5 5
0.625 -0.125 6 0
0.625 -0.0625 6 0
0.625 0 6 1
0.625 0.0625 6 1
0.625 0.125 6 2
0.625 0.1875 6 2
0.625 0.25 6 3
0.625 0.3125 6 3
0.625 0.375 6 4
0.625 0.4375 6 4
0.625 0.5 6 5
0.625 0.5625 6 5
0.625 0.625 6 5
0.6875 -0.125 6 0
0.6875 -0.0625 6 0
0.6875 0 6 1
0.6875 0.0625 6 1
0.6875 0.125 6 2
0.6875 0.1875 6 2
0.6875 0.25 6 3
0.6875 0.3125 6 3
0.6875 0.375 6 4
0.6875 0.4375 6 4
0.6875 0.5 6 5
0.6875 0.5625 6 5
0.6875 0.625 6 5
0.75 -0.125 7 0
0.75 -0.0625 7 0
0.75 0 7 1
0.75 0.0625 7 1
0.75 0.125 7 2
0.75 0.1875 7 2
0.75 0.25 7 3
0.75 0.3125 7 3
0.75 0.375 7 4
0.75 0.4375 7 4
0.75 0.5 7 5
0.75 0.5625 7 5
0.75 0.625 7 5
0.8125 -0.125 7 0
0.8125 -0.0625 7 0
0.8125 0 7 1
0.8125 0.0625 7 1
0.8125 0.125 7 2
0.8125 0.1875 7 2
0.8125 0.25 7 3
0.8125 0.3125 7 3
0.8125 0.375 7 4
0.8125 0.4375 7 4
0.8125 0.5 7 5
0.8125 0.5625 7 5
0.8125 0.625 7 5
0.875 -0.125 8 0
0.875 -0.0625 8 0
0.875 0 8 1
0.875 0.0625 8 1
0.875 0.125 8 2
0.875 0.1875 8 2
0.875 0.25 8 3
0.875 0.3125 8 3
0.875 0.375 8 4
0.875 0.4375 8 4
0.875 0.5 8 5
0.875 0.5625 8 5
0.875 0.625 8 5
0.9375 -0.125 8 0
0.9375 -0.0625 8 0
0.9375 0 8 1
0.9375 0.0625 8 1
0.9375 0.125 8 2
0.9375 0.1875 8 2
0.9375 0.25 8 3
0.9375 0.3125 8 3
0.9375 0.375 8 4
0.9375 0.4375 8 4
0.9375 0.5 8 5
0.9375 0.5625 8 5
0.9375 0.625 8 5
1 -0.125 9 0
1 -0.0625 9 0
1 0 9 1
1 0.0625 9 1
1 0.125 9 2
1 0.1875 9 2
1 0.25 9 3
1 0.3125 9 3
1 0.375 9 4
1 0.4375 9 4
1 0.5 9 5
1 0.5625 9 5
1 0.625 9 5
1.0625 -0.125 9 0
1.0625 -0.0625 9 0
1.0625 0 9 1
1.0625 0.0625 9 1
1.0625 0.125 9 2
1.0625 0.1875 9 2
1.0625 0.25 9 3
1.0625 0.3125 9 3
1.0625 0.375 9 4
1.0625 0.4375 9 4
1.0625 0.5 9 5
1.0625 0.5625 9 5
1.0625 0.625 9 5
1.125 -0.125 9 0
1.125 -0.0625 9 0
1.125 0 9 1
1.125 0.0625 9 1
1.125 0.125 9 2
1.125 0.1875 9 2
1.125 0.25 9 3
1.125 0.3125 9 3
1.125 0.375 9 4
1.125 0.4375 9 4
1.125 0.5 9 5
1.125 0.5625 9 5
1.125 0.625 9 5
-0.0625 0.0625 0 1
-0.0625 0 0 1
-0.0625 0.125 0 2
0.0625 0.0625 1 1
0.0625 0 1 1
0 0.0625 1 1
0 0 1 1
0.0625 0.125 1 2
0 0.125 1 2
0 0.0625 
-0.125
0
0.125
0.25
0.375
0.5
0.625
0.75
0.875
1
1.125
-0.125
0
0.125
0.25
0.375
0.5
0.625
