18 8
0.05 0.1 0.15 0.2 0.25 0.3 0.35 0.4 0.45 0.5 0.55 0.6 0.65 0.7 0.75 0.8 0.85 0.9 
0.05 0.1 0.15 0.2 0.25 0.3 0.35 0.4 
2.51582         2.42802         2.28407         2.12859         1.9875          1.875           1.79685         1.75471         1.74506         1.76375         2.94068         4.6629          6.38713         7.88481         9.07057         9.92608         10.4487         10.6067         
2.44999         2.36288         2.22029         2.06577         1.92513         1.81253         1.73357         1.69025         1.68121         1.687           2.29637         3.38383         4.73624         6.22759         7.69515         8.95796         9.84171         10.1855         
2.33636         2.25234         2.11441         1.96415         1.82671         1.71594         1.6375          1.59341         1.58397         1.58794         2.03903         2.84534         3.91859         5.22658         6.66449         8.04263         9.11075         9.61594         
2.20281         2.12368         1.99358         1.85129         1.72073         1.61505         1.54002         1.49748         1.48809         1.49118         1.87558         2.55213         3.4669          4.62798         5.97421         7.34156         8.46648         9.04775         
2.07163         1.99867         1.87883         1.74743         1.62658         1.52847         1.45868         1.4188          1.40984         1.41247         1.76343         2.37497         3.20481         4.27367         5.53986         6.85819         7.97167         8.56692         
1.96145         1.89519         1.7867          1.6673          1.55693         1.46681         1.40216         1.36455         1.35573         1.35804         1.69372         2.27758         3.07062         4.09337         5.30521         6.56633         7.63194         8.20232         
1.88506         1.82538         1.72727         1.61868         1.5175          1.43407         1.3729          1.33599         1.32671         1.32876         1.66494         2.25345         3.04976         4.06455         5.24218         6.43658         7.42366         7.9489          
1.84805         1.79273         1.70055         1.59798         1.50207         1.42267         1.36351         1.3268          1.31731         1.3207          1.68595         2.31705         3.15846         4.19539         5.33882         6.43285         7.29213         7.76779         
