18 8
0.05 0.1 0.15 0.2 0.25 0.3 0.35 0.4 0.45 0.5 0.55 0.6 0.65 0.7 0.75 0.8 0.85 0.9 
0.05 0.1 0.15 0.2 0.25 0.3 0.35 0.4 
36.2487         29.03           17.7921         9.07273         4.4627          2.40523         1.52329         1.16278         1.06371         1.06704         3.09414         8.2319          13.8777         17.8963         20.215          21.3782         21.857          21.9213         
37.0368         29.496          18.0314         9.24528         4.57286         2.46271         1.54998         1.17609         1.07595         1.0639          1.90236         4.26632         8.70057         14.3205         18.5563         20.4831         21.0686         21.1823         
38.2909         30.8874         19.3973         10.2537         5.1929          2.83028         1.78358         1.34981         1.23299         1.21889         1.97625         3.94255         7.72141         13.0071         17.3954         19.4218         20.0009         20.1871         
40.2563         33.3879         22.1533         12.4589         6.63661         3.73294         2.38617         1.81193         1.64858         1.62755         2.51121         4.64027         8.39536         13.2534         16.9989         18.5866         18.9967         19.1978         
42.803          36.8037         26.2928         16.1684         9.31951         5.54518         3.66682         2.82729         2.56878         2.5367          3.70905         6.25648         10.1531         14.3739         17.0804         18.0104         18.1818         18.3589         
45.4972         40.5455         31.2882         21.3203         13.5964         8.77212         6.13204         4.86886         4.4434          4.39354         5.96653         8.92429         12.6323         15.7794         17.3226         17.6369         17.5941         17.7322         
47.6962         43.7021         35.8999         26.8            18.9045         13.349          9.98498         8.24186         7.59852         7.5274          9.38753         12.2486         15.0708         16.8987         17.5029         17.416          17.2348         17.3272         
48.7114         45.2714         38.471          30.243          22.6809         16.9953         13.3348         11.3336         10.5476         10.5218         12.449          14.599          16.3241         17.2645         17.4841         17.3199         17.1169         17.0949         
