u
0               0               0               0.125           0.25            0.375           0.5             0.625           0.75            0.875           1               1.125           1.25            1.375           1.5             1.625           1.75            1.875           0               0               0               
0               0               0               0.125           0.25            0.375           0.5             0.625           0.75            0.875           1               1.125           1.25            1.375           1.5             1.625           1.75            1.875           0               0               0               
0               0               0               0.125           0.25            0.375           0.5             0.625           0.75            0.875           1               1.125           1.25            1.375           1.5             1.625           1.75            1.875           0               0               0               
-0.25           -0.125          0               0.125           0.25            0.375           0.5             0.625           0.75            0.875           1               1.125           1.25            1.375           1.5             1.625           1.75            1.875           0               -1.875          -3.75           
-0.25           -0.125          0               0.125           0.25            0.375           0.5             0.625           0.75            0.875           1               1.125           1.25            1.375           1.5             1.625           1.75            1.875           0               -1.875          -3.75           
-0.25           -0.125          0               0.125           0.25            0.375           0.5             0.625           0.75            0.875           1               1.125           1.25            1.375           1.5             1.625           1.75            1.875           0               -1.875          -3.75           
-0.25           -0.125          0               0.125           0.25            0.375           0.5             0.625           0.75            0.875           1               1.125           1.25            1.375           1.5             1.625           1.75            1.875           0               -1.875          -3.75           
-0.25           -0.125          0               0.125           0.25            0.375           0.5             0.625           0.75            0.875           1               1.125           1.25            1.375           1.5             1.625           1.75            1.875           0               -1.875          -3.75           
-0.25           -0.125          0               0.125           0.25            0.375           0.5             0.625           0.75            0.875           1               1.125           1.25            1.375           1.5             1.625           1.75            1.875           0               -1.875          -3.75           
-0.25           -0.125          0               0.125           0.25            0.375           0.5             0.625           0.75            0.875           1               1.125           1.25            1.375           1.5             1.625           1.75            1.875           0               -1.875          -3.75           
0               0               0               0               0               0               0               0               0               0               0               0               0               0               0               0               0               0               0               0               0               
0               0               0               -0.125          -0.25           -0.375          -0.5            -0.625          -0.75           -0.875          -1              -1.125          -1.25           -1.375          -1.5            -1.625          -1.75           -1.875          0               0               0               
0               0               0               -0.25           -0.5            -0.75           -1              -1.25           -1.5            -1.75           -2              -2.25           -2.5            -2.75           -3              -3.25           -3.5            -3.75           0               0               0               
v
0               0               0               -0.75           -0.75           -0.75           -0.75           -0.75           -0.75           -0.75           -0.75           -0.75           -0.75           -0.75           -0.75           -0.75           -0.75           -0.75           0               0               0               
0               0               0               -0.875          -0.875          -0.875          -0.875          -0.875          -0.875          -0.875          -0.875          -0.875          -0.875          -0.875          -0.875          -0.875          -0.875          -0.875          0               0               0               
0               0               0               0.5             0.5625          0.625           0.6875          0.75            0.8125          0.875           0.9375          1               1.0625          1.125           1.1875          1.25            1.3125          1.375           0               0               0               
-1.75           -0.875          0               0.875           0.875           0.875           0.875           0.875           0.875           0.875           0.875           0.875           0.875           0.875           0.875           0.875           0.875           0.875           0               -0.875          -1.75           
-1.5            -0.75           0               0.75            0.75            0.75            0.75            0.75            0.75            0.75            0.75            0.75            0.75            0.75            0.75            0.75            0.75            0.75            0               -0.75           -1.5            
-1.25           -0.625          0               0.625           0.625           0.625           0.625           0.625           0.625           0.625           0.625           0.625           0.625           0.625           0.625           0.625           0.625           0.625           0               -0.625          -1.25           
-1              -0.5            0               0.5             0.5             0.5             0.5             0.5             0.5             0.5             0.5             0.5             0.5             0.5             0.5             0.5             0.5             0.5             0               -0.5            -1              
-0.75           -0.375          0               0.375           0.375           0.375           0.375           0.375           0.375           0.375           0.375           0.375           0.375           0.375           0.375           0.375           0.375           0.375           0               -0.375          -0.75           
-0.5            -0.25           0               0.25            0.25            0.25            0.25            0.25            0.25            0.25            0.25            0.25            0.25            0.25            0.25            0.25            0.25            0.25            0               -0.25           -0.5            
-0.25           -0.125          0               0.125           0.125           0.125           0.125           0.125           0.125           0.125           0.125           0.125           0.125           0.125           0.125           0.125           0.125           0.125           0               -0.125          -0.25           
0               0               0               0               0               0               0               0               0               0               0               0               0               0               0               0               0               0               0               0               0               
0               0               0               -0.125          -0.25           -0.375          -0.5            -0.625          -0.75           -0.875          -1              -1.125          -1.25           -1.375          -1.5            -1.625          -1.75           -1.875          0               0               0               
0               0               0               -0.25           -0.5            -0.75           -1              -1.25           -1.5            -1.75           -2              -2.25           -2.5            -2.75           -3              -3.25           -3.5            -3.75           0               0               0               
p
0.325503        0.325503        0.392806        0.375           0.45            0.525           0.6             0.675           0.75            0.825           0.9             0.975           1.05            1.125           1.2             1.275           1.35            1.425           1.42144         1.61203         1.61203         
0.325503        0.325503        0.410672        0.425           0.5             0.575           0.65            0.725           0.8             0.875           0.95            1.025           1.1             1.175           1.25            1.325           1.4             1.475           1.48309         1.61203         1.61203         
0.325503        0.325503        0.325503        0.275           0.375           0.475           0.575           0.675           0.775           0.875           0.975           1.075           1.175           1.275           1.375           1.475           1.575           1.675           1.61203         1.61203         1.61203         
0.382015        0.396343        0.410672        0.425           0.5             0.575           0.65            0.725           0.8             0.875           0.95            1.025           1.1             1.175           1.25            1.325           1.4             1.475           1.48309         -0.653657       -1.71799        
0.405883        0.395589        0.385294        0.375           0.45            0.525           0.6             0.675           0.75            0.825           0.9             0.975           1.05            1.125           1.2             1.275           1.35            1.425           1.41471         -0.654411       -1.69412        
0.355883        0.345589        0.335294        0.325           0.4             0.475           0.55            0.625           0.7             0.775           0.85            0.925           1               1.075           1.15            1.225           1.3             1.375           1.36471         -0.704411       -1.74412        
0.305883        0.295589        0.285294        0.275           0.35            0.425           0.5             0.575           0.65            0.725           0.8             0.875           0.95            1.025           1.1             1.175           1.25            1.325           1.31471         -0.754411       -1.79412        
0.255883        0.245589        0.235294        0.225           0.3             0.375           0.45            0.525           0.6             0.675           0.75            0.825           0.9             0.975           1.05            1.125           1.2             1.275           1.26471         -0.804411       -1.84412        
0.205883        0.195589        0.185294        0.175           0.25            0.325           0.4             0.475           0.55            0.625           0.7             0.775           0.85            0.925           1               1.075           1.15            1.225           1.21471         -0.854411       -1.89412        
0.178417        0.160612        0.142806        0.125           0.2             0.275           0.35            0.425           0.5             0.575           0.65            0.725           0.8             0.875           0.95            1.025           1.1             1.175           1.17144         -0.889388       -1.92158        
0.132563        0.132563        0.132563        0.142806        0.206863        0.281863        0.356863        0.431863        0.506863        0.581863        0.656863        0.731863        0.806863        0.881863        0.956863        1.03186         1.10686         1.17144         1.16744         1.16744         1.16744         
0.132563        0.132563        0.132563        0.160612        0.163726        0.188726        0.213726        0.238726        0.263726        0.288726        0.313726        0.338726        0.363726        0.388726        0.413726        0.438726        0.463726        0.467878        1.16744         1.16744         1.16744         
0.132563        0.132563        0.132563        0.178417        0.120589        0.0955887       0.0705887       0.0455887       0.0205887       -0.00441131     -0.0294113      -0.0544113      -0.0794113      -0.104411       -0.129411       -0.154411       -0.179411       -0.235683       1.16744         1.16744         1.16744         
T
0.732875        0.732875        0.982014        0.9375          1.125           1.3125          1.5             1.6875          1.875           2.0625          2.25            2.4375          2.625           2.8125          3               3.1875          3.375           3.5625          3.5536          2.98501         2.98501         
0.732875        0.732875        1.01381         1.0625          1.25            1.4375          1.625           1.8125          2               2.1875          2.375           2.5625          2.75            2.9375          3.125           3.3125          3.5             3.6875          3.53358         2.98501         2.98501         
0.732875        0.732875        0.732875        0.59375         0.75            0.90625         1.0625          1.21875         1.375           1.53125         1.6875          1.84375         2               2.15625         2.3125          2.46875         2.625           2.78125         2.98501         2.98501         2.98501         
0.916433        0.965122        1.01381         1.0625          1.25            1.4375          1.625           1.8125          2               2.1875          2.375           2.5625          2.75            2.9375          3.125           3.3125          3.5             3.6875          3.53358         -1.65988        -4.33357        
1.01471         0.988972        0.963236        0.9375          1.125           1.3125          1.5             1.6875          1.875           2.0625          2.25            2.4375          2.625           2.8125          3               3.1875          3.375           3.5625          3.53676         -1.63603        -4.23529        
0.889708        0.863972        0.838236        0.8125          1               1.1875          1.375           1.5625          1.75            1.9375          2.125           2.3125          2.5             2.6875          2.875           3.0625          3.25            3.4375          3.41176         -1.76103        -4.36029        
0.764708        0.738972        0.713236        0.6875          0.875           1.0625          1.25            1.4375          1.625           1.8125          2               2.1875          2.375           2.5625          2.75            2.9375          3.125           3.3125          3.28676         -1.88603        -4.48529        
0.639708        0.613972        0.588236        0.5625          0.75            0.9375          1.125           1.3125          1.5             1.6875          1.875           2.0625          2.25            2.4375          2.625           2.8125          3               3.1875          3.16176         -2.01103        -4.61029        
0.514708        0.488972        0.463236        0.4375          0.625           0.8125          1               1.1875          1.375           1.5625          1.75            1.9375          2.125           2.3125          2.5             2.6875          2.875           3.0625          3.03676         -2.13603        -4.73529        
0.446043        0.401529        0.357014        0.3125          0.5             0.6875          0.875           1.0625          1.25            1.4375          1.625           1.8125          2               2.1875          2.375           2.5625          2.75            2.9375          2.9286          -2.22347        -4.80396        
0.331407        0.331407        0.331407        0.357014        0.517157        0.704657        0.892157        1.07966         1.26716         1.45466         1.64216         1.82966         2.01716         2.20466         2.39216         2.57966         2.76716         2.9286          2.91859         2.91859         2.91859         
0.331407        0.331407        0.331407        0.589029        0.784314        1.03431         1.28431         1.53431         1.78431         2.03431         2.28431         2.53431         2.78431         3.03431         3.28431         3.53431         3.78431         3.98219         2.91859         2.91859         2.91859         
0.331407        0.331407        0.331407        0.821043        1.05147         1.36397         1.67647         1.98897         2.30147         2.61397         2.92647         3.23897         3.55147         3.86397         4.17647         4.48897         4.80147         5.03579         2.91859         2.91859         2.91859         
rho
1.11036         1.11036         1               1               1               1               1               1               1               1               1               1               1               1               1               1               1               1               1               1.3501          1.3501          
1.11036         1.11036         1.01269         1               1               1               1               1               1               1               1               1               1               1               1               1               1               1               1.04929         1.3501          1.3501          
1.11036         1.11036         1.11036         1.15789         1.25            1.31034         1.35294         1.38462         1.40909         1.42857         1.44444         1.45763         1.46875         1.47826         1.48649         1.49367         1.5             1.50562         1.3501          1.3501          1.3501          
1.04212         1.02667         1.01269         1               1               1               1               1               1               1               1               1               1               1               1               1               1               1               1.04929         0.984495        0.991092        
1               1               1               1               1               1               1               1               1               1               1               1               1               1               1               1               1               1               1               1               1               
1               1               1               1               1               1               1               1               1               1               1               1               1               1               1               1               1               1               1               1               1               
1               1               1               1               1               1               1               1               1               1               1               1               1               1               1               1               1               1               1               1               1               
1               1               1               1               1               1               1               1               1               1               1               1               1               1               1               1               1               1               1               1               1               
1               1               1               1               1               1               1               1               1               1               1               1               1               1               1               1               1               1               1               1               1               
1               1               1               1               1               1               1               1               1               1               1               1               1               1               1               1               1               1               1               1               1               
1               1               1               1               1               1               1               1               1               1               1               1               1               1               1               1               1               1               1               1               1               
1               1               1               0.681679        0.521875        0.456162        0.416031        0.388978        0.369506        0.35482         0.343348        0.334139        0.326585        0.320275        0.314926        0.310333        0.306347        0.293731        1               1               1               
1               1               1               0.543264        0.286714        0.175203        0.105264        0.0573018       0.0223647       -0.00421898     -0.0251252      -0.0419974      -0.0559003      -0.0675544      -0.0774645      -0.0859948      -0.0934148      -0.117004       1               1               1               
e
0.732875        0.732875        0.982014        0.9375          1.125           1.3125          1.5             1.6875          1.875           2.0625          2.25            2.4375          2.625           2.8125          3               3.1875          3.375           3.5625          3.5536          2.98501         2.98501         
0.732875        0.732875        1.01381         1.0625          1.25            1.4375          1.625           1.8125          2               2.1875          2.375           2.5625          2.75            2.9375          3.125           3.3125          3.5             3.6875          3.53358         2.98501         2.98501         
0.732875        0.732875        0.732875        0.59375         0.75            0.90625         1.0625          1.21875         1.375           1.53125         1.6875          1.84375         2               2.15625         2.3125          2.46875         2.625           2.78125         2.98501         2.98501         2.98501         
0.916433        0.965122        1.01381         1.0625          1.25            1.4375          1.625           1.8125          2               2.1875          2.375           2.5625          2.75            2.9375          3.125           3.3125          3.5             3.6875          3.53358         -1.65988        -4.33357        
1.01471         0.988972        0.963236        0.9375          1.125           1.3125          1.5             1.6875          1.875           2.0625          2.25            2.4375          2.625           2.8125          3               3.1875          3.375           3.5625          3.53676         -1.63603        -4.23529        
0.889708        0.863972        0.838236        0.8125          1               1.1875          1.375           1.5625          1.75            1.9375          2.125           2.3125          2.5             2.6875          2.875           3.0625          3.25            3.4375          3.41176         -1.76103        -4.36029        
0.764708        0.738972        0.713236        0.6875          0.875           1.0625          1.25            1.4375          1.625           1.8125          2               2.1875          2.375           2.5625          2.75            2.9375          3.125           3.3125          3.28676         -1.88603        -4.48529        
0.639708        0.613972        0.588236        0.5625          0.75            0.9375          1.125           1.3125          1.5             1.6875          1.875           2.0625          2.25            2.4375          2.625           2.8125          3               3.1875          3.16176         -2.01103        -4.61029        
0.514708        0.488972        0.463236        0.4375          0.625           0.8125          1               1.1875          1.375           1.5625          1.75            1.9375          2.125           2.3125          2.5             2.6875          2.875           3.0625          3.03676         -2.13603        -4.73529        
0.446043        0.401529        0.357014        0.3125          0.5             0.6875          0.875           1.0625          1.25            1.4375          1.625           1.8125          2               2.1875          2.375           2.5625          2.75            2.9375          2.9286          -2.22347        -4.80396        
0.331407        0.331407        0.331407        0.357014        0.517157        0.704657        0.892157        1.07966         1.26716         1.45466         1.64216         1.82966         2.01716         2.20466         2.39216         2.57966         2.76716         2.9286          2.91859         2.91859         2.91859         
0.331407        0.331407        0.331407        0.589029        0.784314        1.03431         1.28431         1.53431         1.78431         2.03431         2.28431         2.53431         2.78431         3.03431         3.28431         3.53431         3.78431         3.98219         2.91859         2.91859         2.91859         
0.331407        0.331407        0.331407        0.821043        1.05147         1.36397         1.67647         1.98897         2.30147         2.61397         2.92647         3.23897         3.55147         3.86397         4.17647         4.48897         4.80147         5.03579         2.91859         2.91859         2.91859         
txx
3.72705         3.72705         1.69936         1.47197         1.30989         1.30989         1.30989         1.30989         1.30989         1.30989         1.30989         1.30989         1.30989         1.30989         1.30989         1.30989         1.30989         -19.4862        -19.6557        -21.1674        -21.1674        
3.72705         3.72705         3.52048         3.72705         3.60218         3.27471         2.94724         2.61977         2.2923          1.96483         1.63736         1.30989         0.982414        0.654943        0.327471        -2.95987e-16    -0.327471       -21.1674        -21.0134        -21.1674        -21.1674        
3.72705         3.72705         3.72705         3.72705         3.60218         3.27471         2.94724         2.61977         2.2923          1.96483         1.63736         1.30989         0.982414        0.654943        0.327471        -2.95987e-16    -0.327471       -21.1674        -21.1674        -21.1674        -21.1674        
3.10736         3.31392         3.52048         3.72705         3.60218         3.27471         2.94724         2.61977         2.2923          1.96483         1.63736         1.30989         0.982414        0.654943        0.327471        -2.95987e-16    -0.327471       -21.1674        -21.0134        -20.8594        -20.7054        
2.09166         1.88509         1.67853         1.47197         1.30989         1.30989         1.30989         1.30989         1.30989         1.30989         1.30989         1.30989         1.30989         1.30989         1.30989         1.30989         1.30989         -19.4862        -19.6402        -19.7942        -19.9482        
1.47197         1.47197         1.47197         1.47197         1.30989         1.30989         1.30989         1.30989         1.30989         1.30989         1.30989         1.30989         1.30989         1.30989         1.30989         1.30989         1.30989         -19.4862        -19.4862        -19.4862        -19.4862        
1.47197         1.47197         1.47197         1.47197         1.30989         1.30989         1.30989         1.30989         1.30989         1.30989         1.30989         1.30989         1.30989         1.30989         1.30989         1.30989         1.30989         -19.4862        -19.4862        -19.4862        -19.4862        
1.47197         1.47197         1.47197         1.47197         1.30989         1.30989         1.30989         1.30989         1.30989         1.30989         1.30989         1.30989         1.30989         1.30989         1.30989         1.30989         1.30989         -19.4862        -19.4862        -19.4862        -19.4862        
1.38289         1.41258         1.44228         1.47197         1.30989         1.30989         1.30989         1.30989         1.30989         1.30989         1.30989         1.30989         1.30989         1.30989         1.30989         1.30989         1.30989         -19.4862        -19.2783        -19.0705        -18.8626        
1.24586         1.21317         1.18049         1.1478          0.985711        0.985711        0.985711        0.985711        0.985711        0.985711        0.985711        0.985711        0.985711        0.985711        0.985711        0.985711        0.985711        -17.217         -17.4458        -17.6746        -17.9034        
1.1478          1.1478          1.1478          1.13145         1.00056         0.985711        0.985711        0.985711        0.985711        0.985711        0.985711        0.985711        0.985711        0.985711        0.985711        0.985711        -0.681627       -15.3815        -17.217         -17.217         -17.217         
1.1478          1.1478          1.1478          1.11511         1.0154          0.985711        0.985711        0.985711        0.985711        0.985711        0.985711        0.985711        0.985711        0.985711        0.985711        0.985711        -2.34896        -13.546         -17.217         -17.217         -17.217         
1.1478          1.1478          1.1478          1.09877         1.03025         0.985711        0.985711        0.985711        0.985711        0.985711        0.985711        0.985711        0.985711        0.985711        0.985711        0.985711        -4.0163         -11.7106        -17.217         -17.217         -17.217         
txy
3.09954e-17     3.09954e-17     -5.95064        -5.89448        -3.36103e-18    -3.36103e-18    -3.36103e-18    -3.36103e-18    -3.36103e-18    -3.36103e-18    -3.36103e-18    -3.36103e-18    -3.36103e-18    -3.36103e-18    -3.36103e-18    -3.36103e-18    -3.36103e-18    5.89448         6.02419         9.82644e-18     9.82644e-18     
3.09954e-17     3.09954e-17     -5.80946        -6.45142        -0.121565       -0.121565       -0.121565       -0.121565       -0.121565       -0.121565       -0.121565       -0.121565       -0.121565       -0.121565       -0.121565       -0.121565       -0.121565       7.18081         6.40523         9.82644e-18     9.82644e-18     
3.09954e-17     3.09954e-17     3.09954e-17     0               0               0               0               0               0               0               0               0               0               0               0               0               0               0               9.82644e-18     9.82644e-18     9.82644e-18     
4.52555         5.16751         5.80946         6.45142         0.121565        0.121565        0.121565        0.121565        0.121565        0.121565        0.121565        0.121565        0.121565        0.121565        0.121565        0.121565        0.121565        -7.18081        -6.40523        -5.62966        -4.85408        
5.77756         5.81654         5.85551         5.89448         3.36103e-18     3.36103e-18     3.36103e-18     3.36103e-18     3.36103e-18     3.36103e-18     3.36103e-18     3.36103e-18     3.36103e-18     3.36103e-18     3.36103e-18     3.36103e-18     3.36103e-18     -5.89448        -5.92232        -5.95016        -5.978          
4.91207         4.91207         4.91207         4.91207         3.36103e-18     3.36103e-18     3.36103e-18     3.36103e-18     3.36103e-18     3.36103e-18     3.36103e-18     3.36103e-18     3.36103e-18     3.36103e-18     3.36103e-18     3.36103e-18     3.36103e-18     -4.91207        -4.91207        -4.91207        -4.91207        
3.92966         3.92966         3.92966         3.92966         3.36103e-18     3.36103e-18     3.36103e-18     3.36103e-18     3.36103e-18     3.36103e-18     3.36103e-18     3.36103e-18     3.36103e-18     3.36103e-18     3.36103e-18     3.36103e-18     3.36103e-18     -3.92966        -3.92966        -3.92966        -3.92966        
2.94724         2.94724         2.94724         2.94724         3.36103e-18     3.36103e-18     3.36103e-18     3.36103e-18     3.36103e-18     3.36103e-18     3.36103e-18     3.36103e-18     3.36103e-18     3.36103e-18     3.36103e-18     3.36103e-18     3.36103e-18     -2.94724        -2.94724        -2.94724        -2.94724        
2.23479         2.1448          2.05482         1.96483         3.36103e-18     3.36103e-18     3.36103e-18     3.36103e-18     3.36103e-18     3.36103e-18     3.36103e-18     3.36103e-18     3.36103e-18     3.36103e-18     3.36103e-18     3.36103e-18     3.36103e-18     -1.96483        -0.793177       0.378474        1.55013         
1.96483         1.96483         1.96483         1.96483         1.96483         2.94724         3.92966         4.91207         5.89448         6.8769          7.85931         8.84172         9.82414         10.8066         11.789          12.7714         13.7538         11.8087         10.4199         9.03104         7.64218         
1.96483         1.96483         1.96483         1.96483         2.05482         2.94724         3.92966         4.91207         5.89448         6.8769          7.85931         8.84172         9.82414         10.8066         11.789          12.7714         13.4856         12.0049         11.8087         11.8087         11.8087         
1.96483         1.96483         1.96483         1.96483         2.1448          2.94724         3.92966         4.91207         5.89448         6.8769          7.85931         8.84172         9.82414         10.8066         11.789          12.7714         13.2175         12.201          11.8087         11.8087         11.8087         
1.96483         1.96483         1.96483         1.96483         2.23479         2.94724         3.92966         4.91207         5.89448         6.8769          7.85931         8.84172         9.82414         10.8066         11.789          12.7714         12.9493         12.3971         11.8087         11.8087         11.8087         
tyy
-3.52444        -3.52444        0.530931        0.985711        1.30989         1.30989         1.30989         1.30989         1.30989         1.30989         1.30989         1.30989         1.30989         1.30989         1.30989         1.30989         1.30989         11.4648         11.8038         14.8271         14.8271         
-3.52444        -3.52444        -3.11131        -3.52444        -3.27471        -2.61977        -1.96483        -1.30989        -0.654943       0               0.654943        1.30989         1.96483         2.61977         3.27471         3.92966         4.5846          14.8271         14.5192         14.8271         14.8271         
-3.52444        -3.52444        -3.52444        -3.52444        -3.27471        -2.61977        -1.96483        -1.30989        -0.654943       0               0.654943        1.30989         1.96483         2.61977         3.27471         3.92966         4.5846          14.8271         14.8271         14.8271         14.8271         
-2.28507        -2.69819        -3.11131        -3.52444        -3.27471        -2.61977        -1.96483        -1.30989        -0.654943       0               0.654943        1.30989         1.96483         2.61977         3.27471         3.92966         4.5846          14.8271         14.5192         14.2112         13.9032         
-0.253657       0.159465        0.572588        0.985711        1.30989         1.30989         1.30989         1.30989         1.30989         1.30989         1.30989         1.30989         1.30989         1.30989         1.30989         1.30989         1.30989         11.4648         11.7728         12.0808         12.3887         
0.985711        0.985711        0.985711        0.985711        1.30989         1.30989         1.30989         1.30989         1.30989         1.30989         1.30989         1.30989         1.30989         1.30989         1.30989         1.30989         1.30989         11.4648         11.4648         11.4648         11.4648         
0.985711        0.985711        0.985711        0.985711        1.30989         1.30989         1.30989         1.30989         1.30989         1.30989         1.30989         1.30989         1.30989         1.30989         1.30989         1.30989         1.30989         11.4648         11.4648         11.4648         11.4648         
0.985711        0.985711        0.985711        0.985711        1.30989         1.30989         1.30989         1.30989         1.30989         1.30989         1.30989         1.30989         1.30989         1.30989         1.30989         1.30989         1.30989         11.4648         11.4648         11.4648         11.4648         
1.03025         1.0154          1.00056         0.985711        1.30989         1.30989         1.30989         1.30989         1.30989         1.30989         1.30989         1.30989         1.30989         1.30989         1.30989         1.30989         1.30989         11.4648         11.3609         11.2569         11.153          
1.09877         1.11511         1.13145         1.1478          1.47197         1.47197         1.47197         1.47197         1.47197         1.47197         1.47197         1.47197         1.47197         1.47197         1.47197         1.47197         1.47197         10.3302         10.4446         10.559          10.6734         
1.1478          1.1478          1.1478          1.18049         1.44228         1.47197         1.47197         1.47197         1.47197         1.47197         1.47197         1.47197         1.47197         1.47197         1.47197         1.47197         2.28337         9.43697         10.3302         10.3302         10.3302         
1.1478          1.1478          1.1478          1.21317         1.41258         1.47197         1.47197         1.47197         1.47197         1.47197         1.47197         1.47197         1.47197         1.47197         1.47197         1.47197         3.09477         8.54375         10.3302         10.3302         10.3302         
1.1478          1.1478          1.1478          1.24586         1.38289         1.47197         1.47197         1.47197         1.47197         1.47197         1.47197         1.47197         1.47197         1.47197         1.47197         1.47197         3.90617         7.65053         10.3302         10.3302         10.3302         
qx
3.09747         3.09747         2.69478         2.64962         5.81146         5.81146         5.81146         5.81146         5.81146         5.81146         5.81146         5.81146         5.81146         5.81146         5.81146         5.81146         5.81146         2.26107         2.17346         1.39213         1.39213         
3.09747         3.09747         3.05644         3.09747         5.69161         5.69161         5.69161         5.69161         5.69161         5.69161         5.69161         5.69161         5.69161         5.69161         5.69161         5.69161         5.69161         1.39213         1.47173         1.39213         1.39213         
3.09747         3.09747         3.09747         3.09747         5.69161         5.69161         5.69161         5.69161         5.69161         5.69161         5.69161         5.69161         5.69161         5.69161         5.69161         5.69161         5.69161         1.39213         1.39213         1.39213         1.39213         
2.9744          3.01542         3.05644         3.09747         5.69161         5.69161         5.69161         5.69161         5.69161         5.69161         5.69161         5.69161         5.69161         5.69161         5.69161         5.69161         5.69161         1.39213         1.47173         1.55132         1.63091         
2.73346         2.70552         2.67757         2.64962         5.81146         5.81146         5.81146         5.81146         5.81146         5.81146         5.81146         5.81146         5.81146         5.81146         5.81146         5.81146         5.81146         2.26107         2.204           2.14692         2.08984         
2.54612         2.53304         2.51997         2.5069          5.81146         5.81146         5.81146         5.81146         5.81146         5.81146         5.81146         5.81146         5.81146         5.81146         5.81146         5.81146         5.81146         2.5069          2.48438         2.46186         2.43935         
2.5069          2.5069          2.5069          2.5069          5.81146         5.81146         5.81146         5.81146         5.81146         5.81146         5.81146         5.81146         5.81146         5.81146         5.81146         5.81146         5.81146         2.5069          2.5069          2.5069          2.5069          
2.497           2.5003          2.5036          2.5069          5.81146         5.81146         5.81146         5.81146         5.81146         5.81146         5.81146         5.81146         5.81146         5.81146         5.81146         5.81146         5.81146         2.5069          2.50985         2.51281         2.51577         
2.44314         2.45239         2.46164         2.47089         5.81146         5.81146         5.81146         5.81146         5.81146         5.81146         5.81146         5.81146         5.81146         5.81146         5.81146         5.81146         5.81146         2.53918         2.54943         2.55968         2.56994         
2.37534         2.36153         2.34771         2.3339          5.759           5.81146         5.81146         5.81146         5.81146         5.81146         5.81146         5.81146         5.81146         5.81146         5.81146         5.81146         5.76149         2.6834          2.66885         2.65431         2.63977         
2.3339          2.3339          2.3339          2.67927         5.45007         5.80666         5.81146         5.81146         5.81146         5.81146         5.81146         5.81146         5.81146         5.81146         5.81146         5.80688         5.48412         2.99377         2.6834          2.6834          2.6834          
2.3339          2.3339          2.3339          3.02464         5.14114         5.80185         5.81146         5.81146         5.81146         5.81146         5.81146         5.81146         5.81146         5.81146         5.81146         5.80231         5.20675         3.30415         2.6834          2.6834          2.6834          
2.3339          2.3339          2.3339          3.37001         4.83221         5.79705         5.81146         5.81146         5.81146         5.81146         5.81146         5.81146         5.81146         5.81146         5.81146         5.79773         4.92937         3.61453         2.6834          2.6834          2.6834          
qy
6.17662e-19     6.17662e-19     -2.83403        -3.73159        -3.87431        -3.87431        -3.87431        -3.87431        -3.87431        -3.87431        -3.87431        -3.87431        -3.87431        -3.87431        -3.87431        -3.87431        -3.87431        -3.62849        -2.0922         -8.95048e-17    -8.95048e-17    
6.17662e-19     6.17662e-19     3.88079         5.16966         5.81146         6.29575         6.78004         7.26433         7.74862         8.2329          8.71719         9.20148         9.68577         10.1701         10.6543         11.1386         11.6229         11.6072         9.14843         -8.95048e-17    -8.95048e-17    
6.17662e-19     6.17662e-19     6.17662e-19     0               0               0               0               0               0               0               0               0               0               0               0               0               0               0               -8.95048e-17    -8.95048e-17    -8.95048e-17    
-1.30304        -2.59191        -3.88079        -5.16966        -5.81146        -6.29575        -6.78004        -7.26433        -7.74862        -8.2329         -8.71719        -9.20148        -9.68577        -10.1701        -10.6543        -11.1386        -11.6229        -11.6072        -9.14843        -6.68966        -4.23089        
1.32478         2.12705         2.92932         3.73159         3.87431         3.87431         3.87431         3.87431         3.87431         3.87431         3.87431         3.87431         3.87431         3.87431         3.87431         3.87431         3.87431         3.62849         2.25544         0.88239         -0.490658       
3.83509         3.84816         3.86123         3.87431         3.87431         3.87431         3.87431         3.87431         3.87431         3.87431         3.87431         3.87431         3.87431         3.87431         3.87431         3.87431         3.87431         3.87431         3.85179         3.82927         3.80676         
3.87431         3.87431         3.87431         3.87431         3.87431         3.87431         3.87431         3.87431         3.87431         3.87431         3.87431         3.87431         3.87431         3.87431         3.87431         3.87431         3.87431         3.87431         3.87431         3.87431         3.87431         
3.86441         3.86771         3.87101         3.87431         3.87431         3.87431         3.87431         3.87431         3.87431         3.87431         3.87431         3.87431         3.87431         3.87431         3.87431         3.87431         3.87431         3.87431         3.87135         3.86839         3.86544         
3.17767         3.39788         3.61809         3.8383          3.87431         3.87431         3.87431         3.87431         3.87431         3.87431         3.87431         3.87431         3.87431         3.87431         3.87431         3.87431         3.87431         3.84203         3.6758          3.50957         3.34334         
2.13636         1.89031         1.64427         1.39822         1.6188          1.67126         1.67126         1.67126         1.67126         1.67126         1.67126         1.67126         1.67126         1.67126         1.67126         1.67126         1.72124         1.99498         2.18123         2.36747         2.55372         
1.39822         1.39822         1.39822         1.42047         1.6034          1.66646         1.67126         1.67126         1.67126         1.67126         1.67126         1.67126         1.67126         1.67126         1.67126         1.67584         1.74174         1.96738         1.99498         1.99498         1.99498         
1.39822         1.39822         1.39822         1.44271         1.588           1.66165         1.67126         1.67126         1.67126         1.67126         1.67126         1.67126         1.67126         1.67126         1.67126         1.68042         1.76223         1.93978         1.99498         1.99498         1.99498         
1.39822         1.39822         1.39822         1.46495         1.5726          1.65685         1.67126         1.67126         1.67126         1.67126         1.67126         1.67126         1.67126         1.67126         1.67126         1.685           1.78273         1.91217         1.99498         1.99498         1.99498         
ux
-4.8367e-26     -4.8367e-26     -4.8367e-26     -4.8367e-26     -4.8367e-26     -4.8367e-26     -4.8367e-26     -4.8367e-26     -4.8367e-26     -4.8367e-26     -4.8367e-26     -4.8367e-26     -4.8367e-26     -4.8367e-26     -4.8367e-26     -4.8367e-26     -4.8367e-26     -4.8367e-26     -4.8367e-26     -4.8367e-26     -4.8367e-26     
-4.8367e-26     -4.8367e-26     -4.8367e-26     -4.8367e-26     -4.8367e-26     -4.8367e-26     -4.8367e-26     -4.8367e-26     -4.8367e-26     -4.8367e-26     -4.8367e-26     -4.8367e-26     -4.8367e-26     -4.8367e-26     -4.8367e-26     -4.8367e-26     -4.8367e-26     -4.8367e-26     -4.8367e-26     -4.8367e-26     -4.8367e-26     
-4.8367e-26     -4.8367e-26     1.10398         1.96483         1.96483         1.96483         1.96483         1.96483         1.96483         1.96483         1.96483         1.96483         1.96483         1.96483         1.96483         1.96483         1.96483         -13.7538        -16.5597        -4.8367e-26     -4.8367e-26     
-4.8367e-26     -4.8367e-26     1.84326         1.96483         1.96483         1.96483         1.96483         1.96483         1.96483         1.96483         1.96483         1.96483         1.96483         1.96483         1.96483         1.96483         1.96483         -13.7538        -27.6489        -4.8367e-26     -4.8367e-26     
-4.8367e-26     -4.8367e-26     1.96483         1.96483         1.96483         1.96483         1.96483         1.96483         1.96483         1.96483         1.96483         1.96483         1.96483         1.96483         1.96483         1.96483         1.96483         -13.7538        -29.4724        -4.8367e-26     -4.8367e-26     
-4.8367e-26     -4.8367e-26     1.96483         1.96483         1.96483         1.96483         1.96483         1.96483         1.96483         1.96483         1.96483         1.96483         1.96483         1.96483         1.96483         1.96483         1.96483         -13.7538        -29.4724        -4.8367e-26     -4.8367e-26     
-4.8367e-26     -4.8367e-26     1.96483         1.96483         1.96483         1.96483         1.96483         1.96483         1.96483         1.96483         1.96483         1.96483         1.96483         1.96483         1.96483         1.96483         1.96483         -13.7538        -29.4724        -4.8367e-26     -4.8367e-26     
-4.8367e-26     -4.8367e-26     1.96483         1.96483         1.96483         1.96483         1.96483         1.96483         1.96483         1.96483         1.96483         1.96483         1.96483         1.96483         1.96483         1.96483         1.96483         -13.7538        -29.4724        -4.8367e-26     -4.8367e-26     
-4.8367e-26     -4.8367e-26     1.96483         1.96483         1.96483         1.96483         1.96483         1.96483         1.96483         1.96483         1.96483         1.96483         1.96483         1.96483         1.96483         1.96483         1.96483         -13.7538        -29.4724        -4.8367e-26     -4.8367e-26     
-4.8367e-26     -4.8367e-26     1.7217          1.7217          1.7217          1.7217          1.7217          1.7217          1.7217          1.7217          1.7217          1.7217          1.7217          1.7217          1.7217          1.7217          1.7217          -12.0519        -25.8255        -4.8367e-26     -4.8367e-26     
-4.8367e-26     -4.8367e-26     0.121565        3.36103e-18     5.04154e-18     6.72205e-18     8.40257e-18     1.00831e-17     1.17636e-17     1.34441e-17     1.51788e-17     1.68051e-17     1.84314e-17     2.01662e-17     2.19009e-17     2.35272e-17     2.51535e-17     -2.35272e-17    -1.82348        -4.8367e-26     -4.8367e-26     
-4.8367e-26     -4.8367e-26     -4.8367e-26     -4.8367e-26     -4.8367e-26     -4.8367e-26     -4.8367e-26     -4.8367e-26     -4.8367e-26     -4.8367e-26     -4.8367e-26     -4.8367e-26     -4.8367e-26     -4.8367e-26     -4.8367e-26     -4.8367e-26     -4.8367e-26     -4.8367e-26     -4.8367e-26     -4.8367e-26     -4.8367e-26     
-4.8367e-26     -4.8367e-26     -4.8367e-26     -4.8367e-26     -4.8367e-26     -4.8367e-26     -4.8367e-26     -4.8367e-26     -4.8367e-26     -4.8367e-26     -4.8367e-26     -4.8367e-26     -4.8367e-26     -4.8367e-26     -4.8367e-26     -4.8367e-26     -4.8367e-26     -4.8367e-26     -4.8367e-26     -4.8367e-26     -4.8367e-26     
uy
-4.8367e-26     -4.8367e-26     -4.8367e-26     -4.8367e-26     -4.8367e-26     -4.8367e-26     -4.8367e-26     -4.8367e-26     -4.8367e-26     -4.8367e-26     -4.8367e-26     -4.8367e-26     -4.8367e-26     -4.8367e-26     -4.8367e-26     -4.8367e-26     -4.8367e-26     -4.8367e-26     -4.8367e-26     -4.8367e-26     -4.8367e-26     
-4.8367e-26     -4.8367e-26     -4.8367e-26     -4.8367e-26     -4.8367e-26     -4.8367e-26     -4.8367e-26     -4.8367e-26     -4.8367e-26     -4.8367e-26     -4.8367e-26     -4.8367e-26     -4.8367e-26     -4.8367e-26     -4.8367e-26     -4.8367e-26     -4.8367e-26     -4.8367e-26     -4.8367e-26     -4.8367e-26     -4.8367e-26     
-4.8367e-26     -4.8367e-26     0.121565        1.68051e-18     1.68051e-18     1.68051e-18     1.68051e-18     1.68051e-18     1.68051e-18     1.68051e-18     1.68051e-18     1.68051e-18     1.68051e-18     1.68051e-18     1.68051e-18     1.68051e-18     1.68051e-18     -2.51535e-17    1.82348         -4.8367e-26     -4.8367e-26     
-4.8367e-26     -4.8367e-26     0.121565        1.68051e-18     1.68051e-18     1.68051e-18     1.68051e-18     1.68051e-18     1.68051e-18     1.68051e-18     1.68051e-18     1.68051e-18     1.68051e-18     1.68051e-18     1.68051e-18     1.68051e-18     1.68051e-18     -2.51535e-17    1.82348         -4.8367e-26     -4.8367e-26     
-4.8367e-26     -4.8367e-26     1.68051e-18     1.68051e-18     1.68051e-18     1.68051e-18     1.68051e-18     1.68051e-18     1.68051e-18     1.68051e-18     1.68051e-18     1.68051e-18     1.68051e-18     1.68051e-18     1.68051e-18     1.68051e-18     1.68051e-18     -2.51535e-17    -2.51535e-17    -4.8367e-26     -4.8367e-26     
-4.8367e-26     -4.8367e-26     1.68051e-18     1.68051e-18     1.68051e-18     1.68051e-18     1.68051e-18     1.68051e-18     1.68051e-18     1.68051e-18     1.68051e-18     1.68051e-18     1.68051e-18     1.68051e-18     1.68051e-18     1.68051e-18     1.68051e-18     -2.51535e-17    -2.51535e-17    -4.8367e-26     -4.8367e-26     
-4.8367e-26     -4.8367e-26     1.68051e-18     1.68051e-18     1.68051e-18     1.68051e-18     1.68051e-18     1.68051e-18     1.68051e-18     1.68051e-18     1.68051e-18     1.68051e-18     1.68051e-18     1.68051e-18     1.68051e-18     1.68051e-18     1.68051e-18     -2.51535e-17    -2.51535e-17    -4.8367e-26     -4.8367e-26     
-4.8367e-26     -4.8367e-26     1.68051e-18     1.68051e-18     1.68051e-18     1.68051e-18     1.68051e-18     1.68051e-18     1.68051e-18     1.68051e-18     1.68051e-18     1.68051e-18     1.68051e-18     1.68051e-18     1.68051e-18     1.68051e-18     1.68051e-18     -2.51535e-17    -2.51535e-17    -4.8367e-26     -4.8367e-26     
-4.8367e-26     -4.8367e-26     1.68051e-18     1.68051e-18     1.68051e-18     1.68051e-18     1.68051e-18     1.68051e-18     1.68051e-18     1.68051e-18     1.68051e-18     1.68051e-18     1.68051e-18     1.68051e-18     1.68051e-18     1.68051e-18     1.68051e-18     -2.51535e-17    -2.51535e-17    -4.8367e-26     -4.8367e-26     
-4.8367e-26     -4.8367e-26     1.68051e-18     0.982414        1.96483         2.94724         3.92966         4.91207         5.89448         6.8769          7.85931         8.84172         9.82414         10.8066         11.789          12.7714         13.7538         12.7912         -2.51535e-17    -4.8367e-26     -4.8367e-26     
-4.8367e-26     -4.8367e-26     0.121565        1.96483         3.92966         5.89448         7.85931         9.82414         11.789          13.7538         15.7186         17.6834         19.6483         21.6131         23.5779         25.5428         27.5076         25.5823         1.82348         -4.8367e-26     -4.8367e-26     
-4.8367e-26     -4.8367e-26     -4.8367e-26     -4.8367e-26     -4.8367e-26     -4.8367e-26     -4.8367e-26     -4.8367e-26     -4.8367e-26     -4.8367e-26     -4.8367e-26     -4.8367e-26     -4.8367e-26     -4.8367e-26     -4.8367e-26     -4.8367e-26     -4.8367e-26     -4.8367e-26     -4.8367e-26     -4.8367e-26     -4.8367e-26     
-4.8367e-26     -4.8367e-26     -4.8367e-26     -4.8367e-26     -4.8367e-26     -4.8367e-26     -4.8367e-26     -4.8367e-26     -4.8367e-26     -4.8367e-26     -4.8367e-26     -4.8367e-26     -4.8367e-26     -4.8367e-26     -4.8367e-26     -4.8367e-26     -4.8367e-26     -4.8367e-26     -4.8367e-26     -4.8367e-26     -4.8367e-26     
vx
-4.8367e-26     -4.8367e-26     -4.8367e-26     -4.8367e-26     -4.8367e-26     -4.8367e-26     -4.8367e-26     -4.8367e-26     -4.8367e-26     -4.8367e-26     -4.8367e-26     -4.8367e-26     -4.8367e-26     -4.8367e-26     -4.8367e-26     -4.8367e-26     -4.8367e-26     -4.8367e-26     -4.8367e-26     -4.8367e-26     -4.8367e-26     
-4.8367e-26     -4.8367e-26     -4.8367e-26     -4.8367e-26     -4.8367e-26     -4.8367e-26     -4.8367e-26     -4.8367e-26     -4.8367e-26     -4.8367e-26     -4.8367e-26     -4.8367e-26     -4.8367e-26     -4.8367e-26     -4.8367e-26     -4.8367e-26     -4.8367e-26     -4.8367e-26     -4.8367e-26     -4.8367e-26     -4.8367e-26     
-4.8367e-26     -4.8367e-26     3.80809         3.32677         0.739283        0.739283        0.739283        0.739283        0.739283        0.739283        0.739283        0.739283        0.739283        0.739283        0.739283        0.739283        0.739283        -7.76247        -8.98307        -4.8367e-26     -4.8367e-26     
-4.8367e-26     -4.8367e-26     12.295          6.45142         0.121565        0.121565        0.121565        0.121565        0.121565        0.121565        0.121565        0.121565        0.121565        0.121565        0.121565        0.121565        0.121565        -7.18081        -13.146         -4.8367e-26     -4.8367e-26     
-4.8367e-26     -4.8367e-26     11.789          5.89448         1.68051e-18     1.68051e-18     1.68051e-18     1.68051e-18     1.68051e-18     1.68051e-18     1.68051e-18     1.68051e-18     1.68051e-18     1.68051e-18     1.68051e-18     1.68051e-18     1.68051e-18     -5.89448        -11.789         -4.8367e-26     -4.8367e-26     
-4.8367e-26     -4.8367e-26     9.82414         4.91207         1.68051e-18     1.68051e-18     1.68051e-18     1.68051e-18     1.68051e-18     1.68051e-18     1.68051e-18     1.68051e-18     1.68051e-18     1.68051e-18     1.68051e-18     1.68051e-18     1.68051e-18     -4.91207        -9.82414        -4.8367e-26     -4.8367e-26     
-4.8367e-26     -4.8367e-26     7.85931         3.92966         1.68051e-18     1.68051e-18     1.68051e-18     1.68051e-18     1.68051e-18     1.68051e-18     1.68051e-18     1.68051e-18     1.68051e-18     1.68051e-18     1.68051e-18     1.68051e-18     1.68051e-18     -3.92966        -7.85931        -4.8367e-26     -4.8367e-26     
-4.8367e-26     -4.8367e-26     5.89448         2.94724         1.68051e-18     1.68051e-18     1.68051e-18     1.68051e-18     1.68051e-18     1.68051e-18     1.68051e-18     1.68051e-18     1.68051e-18     1.68051e-18     1.68051e-18     1.68051e-18     1.68051e-18     -2.94724        -5.89448        -4.8367e-26     -4.8367e-26     
-4.8367e-26     -4.8367e-26     3.92966         1.96483         1.68051e-18     1.68051e-18     1.68051e-18     1.68051e-18     1.68051e-18     1.68051e-18     1.68051e-18     1.68051e-18     1.68051e-18     1.68051e-18     1.68051e-18     1.68051e-18     1.68051e-18     -1.96483        -3.92966        -4.8367e-26     -4.8367e-26     
-4.8367e-26     -4.8367e-26     1.96483         0.982414        1.68051e-18     1.68051e-18     1.68051e-18     1.68051e-18     1.68051e-18     1.68051e-18     1.68051e-18     1.68051e-18     1.68051e-18     1.68051e-18     1.68051e-18     1.68051e-18     1.68051e-18     -0.982414       -1.96483        -4.8367e-26     -4.8367e-26     
-4.8367e-26     -4.8367e-26     0.121565        -0.121565       -0.243131       -0.243131       -0.243131       -0.243131       -0.243131       -0.243131       -0.243131       -0.243131       -0.243131       -0.243131       -0.243131       -0.243131       -0.243131       1.58035         1.58035         -4.8367e-26     -4.8367e-26     
-4.8367e-26     -4.8367e-26     -4.8367e-26     -4.8367e-26     -4.8367e-26     -4.8367e-26     -4.8367e-26     -4.8367e-26     -4.8367e-26     -4.8367e-26     -4.8367e-26     -4.8367e-26     -4.8367e-26     -4.8367e-26     -4.8367e-26     -4.8367e-26     -4.8367e-26     -4.8367e-26     -4.8367e-26     -4.8367e-26     -4.8367e-26     
-4.8367e-26     -4.8367e-26     -4.8367e-26     -4.8367e-26     -4.8367e-26     -4.8367e-26     -4.8367e-26     -4.8367e-26     -4.8367e-26     -4.8367e-26     -4.8367e-26     -4.8367e-26     -4.8367e-26     -4.8367e-26     -4.8367e-26     -4.8367e-26     -4.8367e-26     -4.8367e-26     -4.8367e-26     -4.8367e-26     -4.8367e-26     
vy
-4.8367e-26     -4.8367e-26     -4.8367e-26     -4.8367e-26     -4.8367e-26     -4.8367e-26     -4.8367e-26     -4.8367e-26     -4.8367e-26     -4.8367e-26     -4.8367e-26     -4.8367e-26     -4.8367e-26     -4.8367e-26     -4.8367e-26     -4.8367e-26     -4.8367e-26     -4.8367e-26     -4.8367e-26     -4.8367e-26     -4.8367e-26     
-4.8367e-26     -4.8367e-26     -4.8367e-26     -4.8367e-26     -4.8367e-26     -4.8367e-26     -4.8367e-26     -4.8367e-26     -4.8367e-26     -4.8367e-26     -4.8367e-26     -4.8367e-26     -4.8367e-26     -4.8367e-26     -4.8367e-26     -4.8367e-26     -4.8367e-26     -4.8367e-26     -4.8367e-26     -4.8367e-26     -4.8367e-26     
-4.8367e-26     -4.8367e-26     -0.850957       -12.0519        -13.7538        -13.7538        -13.7538        -13.7538        -13.7538        -13.7538        -13.7538        -13.7538        -13.7538        -13.7538        -13.7538        -13.7538        -13.7538        -12.0519        -0.850957       -4.8367e-26     -4.8367e-26     
-4.8367e-26     -4.8367e-26     0.486261        -1.66091        -1.47362        -0.982414       -0.491207       -8.40257e-19    0.491207        0.982414        1.47362         1.96483         2.45603         2.94724         3.43845         3.92966         4.42086         4.24346         1.33722         -4.8367e-26     -4.8367e-26     
-4.8367e-26     -4.8367e-26     1.17636e-17     1.7217          1.96483         1.96483         1.96483         1.96483         1.96483         1.96483         1.96483         1.96483         1.96483         1.96483         1.96483         1.96483         1.96483         1.7217          -1.17636e-17    -4.8367e-26     -4.8367e-26     
-4.8367e-26     -4.8367e-26     1.00831e-17     1.7217          1.96483         1.96483         1.96483         1.96483         1.96483         1.96483         1.96483         1.96483         1.96483         1.96483         1.96483         1.96483         1.96483         1.7217          -1.00831e-17    -4.8367e-26     -4.8367e-26     
-4.8367e-26     -4.8367e-26     8.40257e-18     1.7217          1.96483         1.96483         1.96483         1.96483         1.96483         1.96483         1.96483         1.96483         1.96483         1.96483         1.96483         1.96483         1.96483         1.7217          -8.40257e-18    -4.8367e-26     -4.8367e-26     
-4.8367e-26     -4.8367e-26     6.72205e-18     1.7217          1.96483         1.96483         1.96483         1.96483         1.96483         1.96483         1.96483         1.96483         1.96483         1.96483         1.96483         1.96483         1.96483         1.7217          -6.72205e-18    -4.8367e-26     -4.8367e-26     
-4.8367e-26     -4.8367e-26     5.04154e-18     1.7217          1.96483         1.96483         1.96483         1.96483         1.96483         1.96483         1.96483         1.96483         1.96483         1.96483         1.96483         1.96483         1.96483         1.7217          -5.04154e-18    -4.8367e-26     -4.8367e-26     
-4.8367e-26     -4.8367e-26     3.36103e-18     1.7217          1.96483         1.96483         1.96483         1.96483         1.96483         1.96483         1.96483         1.96483         1.96483         1.96483         1.96483         1.96483         1.96483         1.7217          -3.36103e-18    -4.8367e-26     -4.8367e-26     
-4.8367e-26     -4.8367e-26     0.121565        1.84326         2.94724         3.92966         4.91207         5.89448         6.8769          7.85931         8.84172         9.82414         10.8066         11.789          12.7714         13.7538         14.7362         13.652          1.82348         -4.8367e-26     -4.8367e-26     
-4.8367e-26     -4.8367e-26     -4.8367e-26     -4.8367e-26     -4.8367e-26     -4.8367e-26     -4.8367e-26     -4.8367e-26     -4.8367e-26     -4.8367e-26     -4.8367e-26     -4.8367e-26     -4.8367e-26     -4.8367e-26     -4.8367e-26     -4.8367e-26     -4.8367e-26     -4.8367e-26     -4.8367e-26     -4.8367e-26     -4.8367e-26     
-4.8367e-26     -4.8367e-26     -4.8367e-26     -4.8367e-26     -4.8367e-26     -4.8367e-26     -4.8367e-26     -4.8367e-26     -4.8367e-26     -4.8367e-26     -4.8367e-26     -4.8367e-26     -4.8367e-26     -4.8367e-26     -4.8367e-26     -4.8367e-26     -4.8367e-26     -4.8367e-26     -4.8367e-26     -4.8367e-26     -4.8367e-26     
Tx
-4.8367e-26     -4.8367e-26     -4.8367e-26     -4.8367e-26     -4.8367e-26     -4.8367e-26     -4.8367e-26     -4.8367e-26     -4.8367e-26     -4.8367e-26     -4.8367e-26     -4.8367e-26     -4.8367e-26     -4.8367e-26     -4.8367e-26     -4.8367e-26     -4.8367e-26     -4.8367e-26     -4.8367e-26     -4.8367e-26     -4.8367e-26     
-4.8367e-26     -4.8367e-26     -4.8367e-26     -4.8367e-26     -4.8367e-26     -4.8367e-26     -4.8367e-26     -4.8367e-26     -4.8367e-26     -4.8367e-26     -4.8367e-26     -4.8367e-26     -4.8367e-26     -4.8367e-26     -4.8367e-26     -4.8367e-26     -4.8367e-26     -4.8367e-26     -4.8367e-26     -4.8367e-26     -4.8367e-26     
-4.8367e-26     -4.8367e-26     0               0.560681        2.5776          2.5776          2.5776          2.5776          2.5776          2.5776          2.5776          2.5776          2.5776          2.5776          2.5776          2.5776          2.5776          2.1945          0               -4.8367e-26     -4.8367e-26     
-4.8367e-26     -4.8367e-26     0               1.57086         2.88646         2.88646         2.88646         2.88646         2.88646         2.88646         2.88646         2.88646         2.88646         2.88646         2.88646         2.88646         2.88646         0.70601         0               -4.8367e-26     -4.8367e-26     
-4.8367e-26     -4.8367e-26     0               1.34373         2.94724         2.94724         2.94724         2.94724         2.94724         2.94724         2.94724         2.94724         2.94724         2.94724         2.94724         2.94724         2.94724         1.14669         0               -4.8367e-26     -4.8367e-26     
-4.8367e-26     -4.8367e-26     0               1.27135         2.94724         2.94724         2.94724         2.94724         2.94724         2.94724         2.94724         2.94724         2.94724         2.94724         2.94724         2.94724         2.94724         1.27135         0               -4.8367e-26     -4.8367e-26     
-4.8367e-26     -4.8367e-26     0               1.27135         2.94724         2.94724         2.94724         2.94724         2.94724         2.94724         2.94724         2.94724         2.94724         2.94724         2.94724         2.94724         2.94724         1.27135         0               -4.8367e-26     -4.8367e-26     
-4.8367e-26     -4.8367e-26     0               1.27135         2.94724         2.94724         2.94724         2.94724         2.94724         2.94724         2.94724         2.94724         2.94724         2.94724         2.94724         2.94724         2.94724         1.27135         0               -4.8367e-26     -4.8367e-26     
-4.8367e-26     -4.8367e-26     0               1.25309         2.94724         2.94724         2.94724         2.94724         2.94724         2.94724         2.94724         2.94724         2.94724         2.94724         2.94724         2.94724         2.94724         1.28772         0               -4.8367e-26     -4.8367e-26     
-4.8367e-26     -4.8367e-26     0               1.18362         2.92064         2.94724         2.94724         2.94724         2.94724         2.94724         2.94724         2.94724         2.94724         2.94724         2.94724         2.94724         2.9219          1.36087         0               -4.8367e-26     -4.8367e-26     
-4.8367e-26     -4.8367e-26     0               1.6781          2.8538          3.06881         3.06881         3.06881         3.06881         3.06881         3.06881         3.06881         3.06881         3.06881         3.06881         3.06881         2.86399         0.22739         0               -4.8367e-26     -4.8367e-26     
-4.8367e-26     -4.8367e-26     -4.8367e-26     -4.8367e-26     -4.8367e-26     -4.8367e-26     -4.8367e-26     -4.8367e-26     -4.8367e-26     -4.8367e-26     -4.8367e-26     -4.8367e-26     -4.8367e-26     -4.8367e-26     -4.8367e-26     -4.8367e-26     -4.8367e-26     -4.8367e-26     -4.8367e-26     -4.8367e-26     -4.8367e-26     
-4.8367e-26     -4.8367e-26     -4.8367e-26     -4.8367e-26     -4.8367e-26     -4.8367e-26     -4.8367e-26     -4.8367e-26     -4.8367e-26     -4.8367e-26     -4.8367e-26     -4.8367e-26     -4.8367e-26     -4.8367e-26     -4.8367e-26     -4.8367e-26     -4.8367e-26     -4.8367e-26     -4.8367e-26     -4.8367e-26     -4.8367e-26     
Ty
-4.8367e-26     -4.8367e-26     -4.8367e-26     -4.8367e-26     -4.8367e-26     -4.8367e-26     -4.8367e-26     -4.8367e-26     -4.8367e-26     -4.8367e-26     -4.8367e-26     -4.8367e-26     -4.8367e-26     -4.8367e-26     -4.8367e-26     -4.8367e-26     -4.8367e-26     -4.8367e-26     -4.8367e-26     -4.8367e-26     -4.8367e-26     
-4.8367e-26     -4.8367e-26     -4.8367e-26     -4.8367e-26     -4.8367e-26     -4.8367e-26     -4.8367e-26     -4.8367e-26     -4.8367e-26     -4.8367e-26     -4.8367e-26     -4.8367e-26     -4.8367e-26     -4.8367e-26     -4.8367e-26     -4.8367e-26     -4.8367e-26     -4.8367e-26     -4.8367e-26     -4.8367e-26     -4.8367e-26     
-4.8367e-26     -4.8367e-26     -0.225866       -3.24231e-16    4.39319e-16     2.31694e-16     -1.71954e-16    -2.11528e-16    1.04951e-16     -9.96924e-17    3.82073e-16     1.21973e-17     -2.28983e-16    1.30104e-17     4.77049e-17     1.249e-16       3.24827e-16     -7.56339e-16    4.51726         -4.8367e-26     -4.8367e-26     
-4.8367e-26     -4.8367e-26     -1.94578        -2.62176        -2.94724        -3.19284        -3.43845        -3.68405        -3.92966        -4.17526        -4.42086        -4.66647        -4.91207        -5.15767        -5.40328        -5.64888        -5.89448        -5.8865         0.471059        -4.8367e-26     -4.8367e-26     
-4.8367e-26     -4.8367e-26     1.3799          1.89245         1.96483         1.96483         1.96483         1.96483         1.96483         1.96483         1.96483         1.96483         1.96483         1.96483         1.96483         1.96483         1.96483         1.84016         1.06193         -4.8367e-26     -4.8367e-26     
-4.8367e-26     -4.8367e-26     1.96483         1.96483         1.96483         1.96483         1.96483         1.96483         1.96483         1.96483         1.96483         1.96483         1.96483         1.96483         1.96483         1.96483         1.96483         1.96483         1.96483         -4.8367e-26     -4.8367e-26     
-4.8367e-26     -4.8367e-26     1.96483         1.96483         1.96483         1.96483         1.96483         1.96483         1.96483         1.96483         1.96483         1.96483         1.96483         1.96483         1.96483         1.96483         1.96483         1.96483         1.96483         -4.8367e-26     -4.8367e-26     
-4.8367e-26     -4.8367e-26     1.96483         1.96483         1.96483         1.96483         1.96483         1.96483         1.96483         1.96483         1.96483         1.96483         1.96483         1.96483         1.96483         1.96483         1.96483         1.96483         1.96483         -4.8367e-26     -4.8367e-26     
-4.8367e-26     -4.8367e-26     1.81724         1.94656         1.96483         1.96483         1.96483         1.96483         1.96483         1.96483         1.96483         1.96483         1.96483         1.96483         1.96483         1.96483         1.96483         1.94846         1.82875         -4.8367e-26     -4.8367e-26     
-4.8367e-26     -4.8367e-26     1.01118         0.709099        0.820964        0.84757         0.84757         0.84757         0.84757         0.84757         0.84757         0.84757         0.84757         0.84757         0.84757         0.84757         0.872914        1.01174         -4.08662        -4.8367e-26     -4.8367e-26     
-4.8367e-26     -4.8367e-26     0               0               0               0               0               0               0               0               0               0               0               0               0               0               0               0               0               -4.8367e-26     -4.8367e-26     
-4.8367e-26     -4.8367e-26     -4.8367e-26     -4.8367e-26     -4.8367e-26     -4.8367e-26     -4.8367e-26     -4.8367e-26     -4.8367e-26     -4.8367e-26     -4.8367e-26     -4.8367e-26     -4.8367e-26     -4.8367e-26     -4.8367e-26     -4.8367e-26     -4.8367e-26     -4.8367e-26     -4.8367e-26     -4.8367e-26     -4.8367e-26     
-4.8367e-26     -4.8367e-26     -4.8367e-26     -4.8367e-26     -4.8367e-26     -4.8367e-26     -4.8367e-26     -4.8367e-26     -4.8367e-26     -4.8367e-26     -4.8367e-26     -4.8367e-26     -4.8367e-26     -4.8367e-26     -4.8367e-26     -4.8367e-26     -4.8367e-26     -4.8367e-26     -4.8367e-26     -4.8367e-26     -4.8367e-26     
dtrho
-4.8367e-26     -4.8367e-26     -4.8367e-26     -4.8367e-26     -4.8367e-26     -4.8367e-26     -4.8367e-26     -4.8367e-26     -4.8367e-26     -4.8367e-26     -4.8367e-26     -4.8367e-26     -4.8367e-26     -4.8367e-26     -4.8367e-26     -4.8367e-26     -4.8367e-26     -4.8367e-26     -4.8367e-26     -4.8367e-26     -4.8367e-26     
-4.8367e-26     -4.8367e-26     -4.8367e-26     -4.8367e-26     -4.8367e-26     -4.8367e-26     -4.8367e-26     -4.8367e-26     -4.8367e-26     -4.8367e-26     -4.8367e-26     -4.8367e-26     -4.8367e-26     -4.8367e-26     -4.8367e-26     -4.8367e-26     -4.8367e-26     -4.8367e-26     -4.8367e-26     -4.8367e-26     -4.8367e-26     
-4.8367e-26     -4.8367e-26     -4.8367e-26     -4.8367e-26     -4.8367e-26     -4.8367e-26     -4.8367e-26     -4.8367e-26     -4.8367e-26     -4.8367e-26     -4.8367e-26     -4.8367e-26     -4.8367e-26     -4.8367e-26     -4.8367e-26     -4.8367e-26     -4.8367e-26     -4.8367e-26     -4.8367e-26     -4.8367e-26     -4.8367e-26     
-4.8367e-26     -4.8367e-26     -4.8367e-26     -2.03499        -2.04028        -2.05064        -2.05834        -2.06429        -2.06903        -2.07289        -2.07609        -2.0788         -2.08111        -2.08311        -2.08485        -2.08639        -2.08776        15.5772         -4.8367e-26     -4.8367e-26     -4.8367e-26     
-4.8367e-26     -4.8367e-26     -4.8367e-26     -1.96483        -1.96483        -1.96483        -1.96483        -1.96483        -1.96483        -1.96483        -1.96483        -1.96483        -1.96483        -1.96483        -1.96483        -1.96483        -1.96483        13.9335         -4.8367e-26     -4.8367e-26     -4.8367e-26     
-4.8367e-26     -4.8367e-26     -4.8367e-26     -1.96483        -1.96483        -1.96483        -1.96483        -1.96483        -1.96483        -1.96483        -1.96483        -1.96483        -1.96483        -1.96483        -1.96483        -1.96483        -1.96483        13.7538         -4.8367e-26     -4.8367e-26     -4.8367e-26     
-4.8367e-26     -4.8367e-26     -4.8367e-26     -1.96483        -1.96483        -1.96483        -1.96483        -1.96483        -1.96483        -1.96483        -1.96483        -1.96483        -1.96483        -1.96483        -1.96483        -1.96483        -1.96483        13.7538         -4.8367e-26     -4.8367e-26     -4.8367e-26     
-4.8367e-26     -4.8367e-26     -4.8367e-26     -1.96483        -1.96483        -1.96483        -1.96483        -1.96483        -1.96483        -1.96483        -1.96483        -1.96483        -1.96483        -1.96483        -1.96483        -1.96483        -1.96483        13.7538         -4.8367e-26     -4.8367e-26     -4.8367e-26     
-4.8367e-26     -4.8367e-26     -4.8367e-26     -1.96483        -1.96483        -1.96483        -1.96483        -1.96483        -1.96483        -1.96483        -1.96483        -1.96483        -1.96483        -1.96483        -1.96483        -1.96483        -1.96483        13.7538         -4.8367e-26     -4.8367e-26     -4.8367e-26     
-4.8367e-26     -4.8367e-26     -4.8367e-26     -2.70411        -3.68652        -4.66894        -5.65135        -6.63377        -7.61618        -8.59859        -9.58101        -10.5634        -11.5458        -12.5282        -13.5107        -14.4931        -15.4755        -0.739283       -4.8367e-26     -4.8367e-26     -4.8367e-26     
-4.8367e-26     -4.8367e-26     -4.8367e-26     -4.8367e-26     -4.8367e-26     -4.8367e-26     -4.8367e-26     -4.8367e-26     -4.8367e-26     -4.8367e-26     -4.8367e-26     -4.8367e-26     -4.8367e-26     -4.8367e-26     -4.8367e-26     -4.8367e-26     -4.8367e-26     -4.8367e-26     -4.8367e-26     -4.8367e-26     -4.8367e-26     
-4.8367e-26     -4.8367e-26     -4.8367e-26     -4.8367e-26     -4.8367e-26     -4.8367e-26     -4.8367e-26     -4.8367e-26     -4.8367e-26     -4.8367e-26     -4.8367e-26     -4.8367e-26     -4.8367e-26     -4.8367e-26     -4.8367e-26     -4.8367e-26     -4.8367e-26     -4.8367e-26     -4.8367e-26     -4.8367e-26     -4.8367e-26     
-4.8367e-26     -4.8367e-26     -4.8367e-26     -4.8367e-26     -4.8367e-26     -4.8367e-26     -4.8367e-26     -4.8367e-26     -4.8367e-26     -4.8367e-26     -4.8367e-26     -4.8367e-26     -4.8367e-26     -4.8367e-26     -4.8367e-26     -4.8367e-26     -4.8367e-26     -4.8367e-26     -4.8367e-26     -4.8367e-26     -4.8367e-26     
dtu
-4.8367e-26     -4.8367e-26     -4.8367e-26     -4.8367e-26     -4.8367e-26     -4.8367e-26     -4.8367e-26     -4.8367e-26     -4.8367e-26     -4.8367e-26     -4.8367e-26     -4.8367e-26     -4.8367e-26     -4.8367e-26     -4.8367e-26     -4.8367e-26     -4.8367e-26     -4.8367e-26     -4.8367e-26     -4.8367e-26     -4.8367e-26     
-4.8367e-26     -4.8367e-26     -4.8367e-26     -4.8367e-26     -4.8367e-26     -4.8367e-26     -4.8367e-26     -4.8367e-26     -4.8367e-26     -4.8367e-26     -4.8367e-26     -4.8367e-26     -4.8367e-26     -4.8367e-26     -4.8367e-26     -4.8367e-26     -4.8367e-26     -4.8367e-26     -4.8367e-26     -4.8367e-26     -4.8367e-26     
-4.8367e-26     -4.8367e-26     -4.8367e-26     -4.8367e-26     -4.8367e-26     -4.8367e-26     -4.8367e-26     -4.8367e-26     -4.8367e-26     -4.8367e-26     -4.8367e-26     -4.8367e-26     -4.8367e-26     -4.8367e-26     -4.8367e-26     -4.8367e-26     -4.8367e-26     -4.8367e-26     -4.8367e-26     -4.8367e-26     -4.8367e-26     
-4.8367e-26     -4.8367e-26     -4.8367e-26     -0.814757       -1.27119        -1.23182        -1.22111        -1.21367        -1.20822        -1.20405        -1.20076        -1.1981         -1.1959         -1.19406        -1.19249        -1.19114        -1.93525        -1.20628        -4.8367e-26     -4.8367e-26     -4.8367e-26     
-4.8367e-26     -4.8367e-26     -4.8367e-26     -0.493548       -1.17501        -1.1773         -1.1773         -1.1773         -1.1773         -1.1773         -1.1773         -1.1773         -1.1773         -1.1773         -1.1773         -1.1773         -2.00476        -1.42179        -4.8367e-26     -4.8367e-26     -4.8367e-26     
-4.8367e-26     -4.8367e-26     -4.8367e-26     -0.448448       -1.17571        -1.1789         -1.1789         -1.1789         -1.1789         -1.1789         -1.1789         -1.1789         -1.1789         -1.1789         -1.1789         -1.1789         -2.00566        -1.3943         -4.8367e-26     -4.8367e-26     -4.8367e-26     
-4.8367e-26     -4.8367e-26     -4.8367e-26     -0.447255       -1.17571        -1.1789         -1.1789         -1.1789         -1.1789         -1.1789         -1.1789         -1.1789         -1.1789         -1.1789         -1.1789         -1.1789         -2.00566        -1.39341        -4.8367e-26     -4.8367e-26     -4.8367e-26     
-4.8367e-26     -4.8367e-26     -4.8367e-26     -0.447548       -1.17571        -1.1789         -1.1789         -1.1789         -1.1789         -1.1789         -1.1789         -1.1789         -1.1789         -1.1789         -1.1789         -1.1789         -2.00566        -1.3981         -4.8367e-26     -4.8367e-26     -4.8367e-26     
-4.8367e-26     -4.8367e-26     -4.8367e-26     -0.482613       -1.25292        -1.29471        -1.33332        -1.37192        -1.41053        -1.44913        -1.48774        -1.52635        -1.56495        -1.60356        -1.64216        -1.68077        -2.52407        -1.88289        -4.8367e-26     -4.8367e-26     -4.8367e-26     
-4.8367e-26     -4.8367e-26     -4.8367e-26     -0.490122       -1.24964        -1.29522        -1.33332        -1.37192        -1.41053        -1.44913        -1.48774        -1.52635        -1.56495        -1.60356        -1.64216        -1.68757        -2.41657        -1.80986        -4.8367e-26     -4.8367e-26     -4.8367e-26     
-4.8367e-26     -4.8367e-26     -4.8367e-26     -4.8367e-26     -4.8367e-26     -4.8367e-26     -4.8367e-26     -4.8367e-26     -4.8367e-26     -4.8367e-26     -4.8367e-26     -4.8367e-26     -4.8367e-26     -4.8367e-26     -4.8367e-26     -4.8367e-26     -4.8367e-26     -4.8367e-26     -4.8367e-26     -4.8367e-26     -4.8367e-26     
-4.8367e-26     -4.8367e-26     -4.8367e-26     -4.8367e-26     -4.8367e-26     -4.8367e-26     -4.8367e-26     -4.8367e-26     -4.8367e-26     -4.8367e-26     -4.8367e-26     -4.8367e-26     -4.8367e-26     -4.8367e-26     -4.8367e-26     -4.8367e-26     -4.8367e-26     -4.8367e-26     -4.8367e-26     -4.8367e-26     -4.8367e-26     
-4.8367e-26     -4.8367e-26     -4.8367e-26     -4.8367e-26     -4.8367e-26     -4.8367e-26     -4.8367e-26     -4.8367e-26     -4.8367e-26     -4.8367e-26     -4.8367e-26     -4.8367e-26     -4.8367e-26     -4.8367e-26     -4.8367e-26     -4.8367e-26     -4.8367e-26     -4.8367e-26     -4.8367e-26     -4.8367e-26     -4.8367e-26     
dtv
-4.8367e-26     -4.8367e-26     -4.8367e-26     -4.8367e-26     -4.8367e-26     -4.8367e-26     -4.8367e-26     -4.8367e-26     -4.8367e-26     -4.8367e-26     -4.8367e-26     -4.8367e-26     -4.8367e-26     -4.8367e-26     -4.8367e-26     -4.8367e-26     -4.8367e-26     -4.8367e-26     -4.8367e-26     -4.8367e-26     -4.8367e-26     
-4.8367e-26     -4.8367e-26     -4.8367e-26     -4.8367e-26     -4.8367e-26     -4.8367e-26     -4.8367e-26     -4.8367e-26     -4.8367e-26     -4.8367e-26     -4.8367e-26     -4.8367e-26     -4.8367e-26     -4.8367e-26     -4.8367e-26     -4.8367e-26     -4.8367e-26     -4.8367e-26     -4.8367e-26     -4.8367e-26     -4.8367e-26     
-4.8367e-26     -4.8367e-26     -4.8367e-26     -4.8367e-26     -4.8367e-26     -4.8367e-26     -4.8367e-26     -4.8367e-26     -4.8367e-26     -4.8367e-26     -4.8367e-26     -4.8367e-26     -4.8367e-26     -4.8367e-26     -4.8367e-26     -4.8367e-26     -4.8367e-26     -4.8367e-26     -4.8367e-26     -4.8367e-26     -4.8367e-26     
-4.8367e-26     -4.8367e-26     -4.8367e-26     0.1312          -0.187384       -0.277476       -0.556579       -0.821332       -1.0767         -1.32558        -1.56979        -1.81054        -2.04864        -2.28467        -2.51906        -2.75211        -3.24708        -3.25395        -4.8367e-26     -4.8367e-26     -4.8367e-26     
-4.8367e-26     -4.8367e-26     -4.8367e-26     -1.16165        -1.19152        -0.940353       -0.914616       -0.888879       -0.863142       -0.837405       -0.811668       -0.785931       -0.760194       -0.734457       -0.70872        -0.682983       -0.893706       -0.905436       -4.8367e-26     -4.8367e-26     -4.8367e-26     
-4.8367e-26     -4.8367e-26     -4.8367e-26     -0.980778       -0.978958       -0.785931       -0.785931       -0.785931       -0.785931       -0.785931       -0.785931       -0.785931       -0.785931       -0.785931       -0.785931       -0.785931       -0.978958       -0.977596       -4.8367e-26     -4.8367e-26     -4.8367e-26     
-4.8367e-26     -4.8367e-26     -4.8367e-26     -0.940353       -0.940353       -0.785931       -0.785931       -0.785931       -0.785931       -0.785931       -0.785931       -0.785931       -0.785931       -0.785931       -0.785931       -0.785931       -0.940353       -0.940353       -4.8367e-26     -4.8367e-26     -4.8367e-26     
-4.8367e-26     -4.8367e-26     -4.8367e-26     -0.902257       -0.901747       -0.785931       -0.785931       -0.785931       -0.785931       -0.785931       -0.785931       -0.785931       -0.785931       -0.785931       -0.785931       -0.785931       -0.901747       -0.895545       -4.8367e-26     -4.8367e-26     -4.8367e-26     
-4.8367e-26     -4.8367e-26     -4.8367e-26     -0.860011       -0.859957       -0.782746       -0.782746       -0.782746       -0.782746       -0.782746       -0.782746       -0.782746       -0.782746       -0.782746       -0.782746       -0.782746       -0.86311        -0.795656       -4.8367e-26     -4.8367e-26     -4.8367e-26     
-4.8367e-26     -4.8367e-26     -4.8367e-26     -0.300313       -0.309762       -0.278034       -0.277741       -0.277741       -0.277741       -0.277741       -0.277741       -0.277741       -0.277741       -0.277741       -0.277741       -0.28299        -0.410628       -0.455051       -4.8367e-26     -4.8367e-26     -4.8367e-26     
-4.8367e-26     -4.8367e-26     -4.8367e-26     -4.8367e-26     -4.8367e-26     -4.8367e-26     -4.8367e-26     -4.8367e-26     -4.8367e-26     -4.8367e-26     -4.8367e-26     -4.8367e-26     -4.8367e-26     -4.8367e-26     -4.8367e-26     -4.8367e-26     -4.8367e-26     -4.8367e-26     -4.8367e-26     -4.8367e-26     -4.8367e-26     
-4.8367e-26     -4.8367e-26     -4.8367e-26     -4.8367e-26     -4.8367e-26     -4.8367e-26     -4.8367e-26     -4.8367e-26     -4.8367e-26     -4.8367e-26     -4.8367e-26     -4.8367e-26     -4.8367e-26     -4.8367e-26     -4.8367e-26     -4.8367e-26     -4.8367e-26     -4.8367e-26     -4.8367e-26     -4.8367e-26     -4.8367e-26     
-4.8367e-26     -4.8367e-26     -4.8367e-26     -4.8367e-26     -4.8367e-26     -4.8367e-26     -4.8367e-26     -4.8367e-26     -4.8367e-26     -4.8367e-26     -4.8367e-26     -4.8367e-26     -4.8367e-26     -4.8367e-26     -4.8367e-26     -4.8367e-26     -4.8367e-26     -4.8367e-26     -4.8367e-26     -4.8367e-26     -4.8367e-26     
dte
-4.8367e-26     -4.8367e-26     -4.8367e-26     -4.8367e-26     -4.8367e-26     -4.8367e-26     -4.8367e-26     -4.8367e-26     -4.8367e-26     -4.8367e-26     -4.8367e-26     -4.8367e-26     -4.8367e-26     -4.8367e-26     -4.8367e-26     -4.8367e-26     -4.8367e-26     -4.8367e-26     -4.8367e-26     -4.8367e-26     -4.8367e-26     
-4.8367e-26     -4.8367e-26     -4.8367e-26     -4.8367e-26     -4.8367e-26     -4.8367e-26     -4.8367e-26     -4.8367e-26     -4.8367e-26     -4.8367e-26     -4.8367e-26     -4.8367e-26     -4.8367e-26     -4.8367e-26     -4.8367e-26     -4.8367e-26     -4.8367e-26     -4.8367e-26     -4.8367e-26     -4.8367e-26     -4.8367e-26     
-4.8367e-26     -4.8367e-26     -4.8367e-26     -4.8367e-26     -4.8367e-26     -4.8367e-26     -4.8367e-26     -4.8367e-26     -4.8367e-26     -4.8367e-26     -4.8367e-26     -4.8367e-26     -4.8367e-26     -4.8367e-26     -4.8367e-26     -4.8367e-26     -4.8367e-26     -4.8367e-26     -4.8367e-26     -4.8367e-26     -4.8367e-26     
-4.8367e-26     -4.8367e-26     -4.8367e-26     -0.0848848      -0.567352       -1.25731        -2.02125        -2.96411        -4.08353        -5.37816        -6.84714        -8.48989        -10.306         -12.2953        -14.4575        -16.7925        -19.5251        31.1167         -4.8367e-26     -4.8367e-26     -4.8367e-26     
-4.8367e-26     -4.8367e-26     -4.8367e-26     -2.65292        -3.76372        -4.49123        -5.09689        -5.70255        -6.30821        -6.91387        -7.51953        -8.12519        -8.73085        -9.33651        -9.94217        -10.5478        -11.3859        36.9683         -4.8367e-26     -4.8367e-26     -4.8367e-26     
-4.8367e-26     -4.8367e-26     -4.8367e-26     -2.03079        -2.96577        -3.6817         -4.27115        -4.86059        -5.45004        -6.03949        -6.62894        -7.21839        -7.80784        -8.39728        -8.98673        -9.57618        -10.3901        36.1694         -4.8367e-26     -4.8367e-26     -4.8367e-26     
-4.8367e-26     -4.8367e-26     -4.8367e-26     -1.75251        -2.57141        -3.28873        -3.87818        -4.46763        -5.05708        -5.64653        -6.23597        -6.82542        -7.41487        -8.00432        -8.59377        -9.18322        -9.99472        34.8835         -4.8367e-26     -4.8367e-26     -4.8367e-26     
-4.8367e-26     -4.8367e-26     -4.8367e-26     -1.46062        -2.1781         -2.89577        -3.48522        -4.07466        -4.66411        -5.25356        -5.84301        -6.43246        -7.02191        -7.61135        -8.2008         -8.79025        -9.60144        33.6094         -4.8367e-26     -4.8367e-26     -4.8367e-26     
-4.8367e-26     -4.8367e-26     -4.8367e-26     -1.06063        -1.69611        -2.41771        -3.00766        -3.59711        -4.18656        -4.77601        -5.36546        -5.95491        -6.54435        -7.1338         -7.72325        -8.31318        -9.12229        32.4868         -4.8367e-26     -4.8367e-26     -4.8367e-26     
-4.8367e-26     -4.8367e-26     -4.8367e-26     -0.710645       -1.20286        -1.81916        -2.29031        -2.73824        -3.16682        -3.57609        -3.96607        -4.33674        -4.68811        -5.02017        -5.33298        -5.61823        -6.0073         28.4808         -4.8367e-26     -4.8367e-26     -4.8367e-26     
-4.8367e-26     -4.8367e-26     -4.8367e-26     -4.8367e-26     -4.8367e-26     -4.8367e-26     -4.8367e-26     -4.8367e-26     -4.8367e-26     -4.8367e-26     -4.8367e-26     -4.8367e-26     -4.8367e-26     -4.8367e-26     -4.8367e-26     -4.8367e-26     -4.8367e-26     -4.8367e-26     -4.8367e-26     -4.8367e-26     -4.8367e-26     
-4.8367e-26     -4.8367e-26     -4.8367e-26     -4.8367e-26     -4.8367e-26     -4.8367e-26     -4.8367e-26     -4.8367e-26     -4.8367e-26     -4.8367e-26     -4.8367e-26     -4.8367e-26     -4.8367e-26     -4.8367e-26     -4.8367e-26     -4.8367e-26     -4.8367e-26     -4.8367e-26     -4.8367e-26     -4.8367e-26     -4.8367e-26     
-4.8367e-26     -4.8367e-26     -4.8367e-26     -4.8367e-26     -4.8367e-26     -4.8367e-26     -4.8367e-26     -4.8367e-26     -4.8367e-26     -4.8367e-26     -4.8367e-26     -4.8367e-26     -4.8367e-26     -4.8367e-26     -4.8367e-26     -4.8367e-26     -4.8367e-26     -4.8367e-26     -4.8367e-26     -4.8367e-26     -4.8367e-26     
